*************** Seat Map ***************

                [Screen]                
0 0 0 0 0 0 0 0 0 0 0 0 0 0 0 0 0 0 0 0 
0 0 0 0 0 0 0 0 0 0 0 0 0 0 0 0 0 0 0 0 
0 0 0 0 0 0 0 0 0 0 0 0 0 0 0 0 0 0 0 0 
0 0 0 0 0 0 0 0 0 0 0 0 0 0 0 0 0 0 0 0 
0 0 0 0 0 0 0 0 0 0 0 0 0 0 0 0 0 0 0 0 
1 1 1 1 1 1 1 1 1 1 1 1 1 1 1 1 1 1 1 1 
1 1 1 1 1 1 1 1 1 1 1 1 1 1 1 1 1 1 1 1 
0 0 0 0 0 0 0 0 1 1 1 1 1 1 1 1 1 1 1 1 
0 0 0 0 0 0 0 0 0 0 0 0 0 0 0 0 0 0 0 0 
0 0 0 0 0 0 0 0 0 0 0 0 0 0 0 0 0 0 0 0 

*********** Seat Arrangements ***********

R001 F10,F11
R002 F12,F13,F14,F15
R003 F16,F17,F18,F19
R004 F9,F8,F7
R005 F6,F5,F4,F3,F2,F1,F0,G10,G11,G12,G13,G14,G15,G16,G17,G18,G19,G9,G8,G7
R006 G6,G5,G4,G3,G2,G1,G0,H10
R007 H11,H12
R008 H13,H14,H15
R009 H16,H17,H18,H19,H9,H8
